17856.56   18031.04   17856.56   17995.72   85820000  17995.72
18135.72   18135.72   17825.15   17856.78   113350000 17856.78
18096.90   18160.35   18087.65   18135.72   75840000  18135.72
18203.37   18203.37   18029.50   18096.90   80900000  18096.90
18281.95   18281.95   18136.88   18203.37   83830000  18203.37
18134.05   18288.63   18122.59   18288.63   89790000  18288.63
18213.26   18213.26   18132.38   18132.70   101110000 18132.70
18224.41   18239.43   18157.07   18214.42   81500000  18214.42
18208.67   18244.38   18182.76   18224.57   80480000  18224.57
18112.57   18231.09   18098.73   18209.19   79310000  18209.19
18140.76   18141.21   18054.84   18116.84   83670000  18116.84
17985.77   18144.29   17878.37   18140.44   111390000 18140.44
18028.67   18028.67   17924.60   17985.77   79130000  17985.77
18045.72   18048.70   17982.20   18029.85   75090000  18029.85
18019.80   18052.01   17951.41   18047.58   98760000  18047.58
17968.65   18037.41   17961.76   18019.35   85230000  18019.35
17862.14   17975.65   17862.14   17972.38   117160000 17972.38
17867.86   17897.21   17759.65   17862.14   89890000  17862.14
17736.15   17890.34   17729.24   17868.76   89930000  17868.76
17821.49   17821.49   17685.32   17729.21   81590000  17729.21
17881.54   17951.09   17764.40   17824.29   93610000  17824.29
17677.26   17889.58   17677.26   17884.88   79890000  17884.88
17664.99   17782.22   17603.21   17673.02   102560000 17673.02
17369.97   17670.76   17369.97   17666.40   112860000 17666.40
17169.99   17367.68   17037.76   17361.04   108090000 17361.04
17416.85   17419.90   17156.82   17164.95   168560000 17164.95
17195.29   17433.13   17136.30   17416.85   111690000 17416.85
17402.91   17484.41   17189.00   17191.37   115980000 17191.37
17638.53   17638.53   17288.31   17387.21   135940000 17387.21
17668.11   17696.36   17567.60   17678.70   87220000  17678.70
17812.50   17812.50   17667.53   17672.60   97110000  17672.60
17557.29   17840.89   17482.54   17813.98   111980000 17813.98
17509.96   17599.58   17396.04   17554.28   95530000  17554.28
17516.96   17588.70   17346.73   17515.23   119600000 17515.23
17320.00   17528.37   17243.55   17511.57   140480000 17511.57
17436.30   17517.41   17298.04   17320.71   94520000  17320.71
17609.06   17609.06   17264.90   17427.09   109180000 17427.09
17645.02   17923.01   17498.23   17613.68   99360000  17613.68
17742.05   17793.88   17571.58   17640.84   92500000  17640.84
17911.02   17915.32   17686.09   17737.37   93390000  17737.37
17591.97   17916.04   17591.97   17907.87   114890000 17907.87
17374.78   17597.08   17374.78   17584.52   91030000  17584.52
17504.18   17581.05   17262.37   17371.64   101870000 17371.64
17821.30   17821.30   17475.93   17501.65   116160000 17501.65
17823.07   17951.78   17731.30   17832.99   76270000  17832.99
17987.66   18043.22   17820.88   17823.07   82840000  17823.07
18035.02   18035.02   17959.70   17983.07   47490000  17983.07
18046.58   18073.04   18021.57   18038.23   53870000  18038.23
18038.30   18103.45   18038.30   18053.71   52570000  18053.71
18035.73   18086.24   18027.78   18030.21   42870000  18030.21
